128-bit key: 00000000000000000000000000000001000000000000001000000000000001000000000000001000000000000001000000000000001000000000000001000000
		= 79230580439692795015266828352

52 16-bit sub-keys:
* indicates a left shift of 25

	1.	0000000000000000	0
	2.	0000000000000001	1
	3.	0000000000000010	2
	4.	0000000000000100	4
	5.	0000000000001000	8
	6.	0000000000010000	16
	7.	0000000000100000	32
	8.	0000000001000000	64

	result of a circular 25 bit shift left (1st shift):
	1.  00000000000000000000000000000010000000000000010000000000000010000000000000010000000000000010000000000000010000000000000010000000
	2.  00000000000000000000000000000100000000000000100000000000000100000000000000100000000000000100000000000000100000000000000100000000
	3.  00000000000000000000000000001000000000000001000000000000001000000000000001000000000000001000000000000001000000000000001000000000
	4.  00000000000000000000000000010000000000000010000000000000010000000000000010000000000000010000000000000010000000000000010000000000
	5.  00000000000000000000000000100000000000000100000000000000100000000000000100000000000000100000000000000100000000000000100000000000
	6.  00000000000000000000000001000000000000001000000000000001000000000000001000000000000001000000000000001000000000000001000000000000
	7.  00000000000000000000000010000000000000010000000000000010000000000000010000000000000010000000000000010000000000000010000000000000
	8.  00000000000000000000000100000000000000100000000000000100000000000000100000000000000100000000000000100000000000000100000000000000
	9.  00000000000000000000001000000000000001000000000000001000000000000001000000000000001000000000000001000000000000001000000000000000 
	10. 00000000000000000000010000000000000010000000000000010000000000000010000000000000010000000000000010000000000000010000000000000000
	11. 00000000000000000000100000000000000100000000000000100000000000000100000000000000100000000000000100000000000000100000000000000000
	12. 00000000000000000001000000000000001000000000000001000000000000001000000000000001000000000000001000000000000001000000000000000000
	13. 00000000000000000010000000000000010000000000000010000000000000010000000000000010000000000000010000000000000010000000000000000000
	14. 00000000000000000100000000000000100000000000000100000000000000100000000000000100000000000000100000000000000100000000000000000000
	15. 00000000000000001000000000000001000000000000001000000000000001000000000000001000000000000001000000000000001000000000000000000000
	16. 00000000000000010000000000000010000000000000010000000000000010000000000000010000000000000010000000000000010000000000000000000000
	17. 00000000000000100000000000000100000000000000100000000000000100000000000000100000000000000100000000000000100000000000000000000000
	18. 00000000000001000000000000001000000000000001000000000000001000000000000001000000000000001000000000000001000000000000000000000000
	19. 00000000000010000000000000010000000000000010000000000000010000000000000010000000000000010000000000000010000000000000000000000000
	20. 00000000000100000000000000100000000000000100000000000000100000000000000100000000000000100000000000000100000000000000000000000000
	21. 00000000001000000000000001000000000000001000000000000001000000000000001000000000000001000000000000001000000000000000000000000000
	22. 00000000010000000000000010000000000000010000000000000010000000000000010000000000000010000000000000010000000000000000000000000000 
	23. 00000000100000000000000100000000000000100000000000000100000000000000100000000000000100000000000000100000000000000000000000000000
	24. 00000001000000000000001000000000000001000000000000001000000000000001000000000000001000000000000001000000000000000000000000000000
	25. 00000010000000000000010000000000000010000000000000010000000000000010000000000000010000000000000010000000000000000000000000000000  
	  	= 2658537123684201991229709753792856064 
       
	*9. 0000001000000000		512		
	10. 0000010000000000		1024
	11. 0000100000000000		2048
	12. 0001000000000000		4096
	13. 0010000000000000		8192
	14. 0100000000000000		16384
	15. 1000000000000000		32768
	16. 0000000000000000		0

	result of a circular 25 bit shift left (2nd shift):
	1.  00000100000000000000100000000000000100000000000000100000000000000100000000000000100000000000000100000000000000000000000000000000
	2.  00001000000000000001000000000000001000000000000001000000000000001000000000000001000000000000001000000000000000000000000000000000
	3.  00010000000000000010000000000000010000000000000010000000000000010000000000000010000000000000010000000000000000000000000000000000
	4.  00100000000000000100000000000000100000000000000100000000000000100000000000000100000000000000100000000000000000000000000000000000
	5.  01000000000000001000000000000001000000000000001000000000000001000000000000001000000000000001000000000000000000000000000000000000
	6.  10000000000000010000000000000010000000000000010000000000000010000000000000010000000000000010000000000000000000000000000000000000
	7.  00000000000000100000000000000100000000000000100000000000000100000000000000100000000000000100000000000000000000000000000000000001
	8.  00000000000001000000000000001000000000000001000000000000001000000000000001000000000000001000000000000000000000000000000000000010
	10. 00000000000100000000000000100000000000000100000000000000100000000000000100000000000000100000000000000000000000000000000000001000
	15. 00000010000000000000010000000000000010000000000000010000000000000010000000000000010000000000000000000000000000000000000100000000
	20. 01000000000000001000000000000001000000000000001000000000000001000000000000001000000000000000000000000000000000000010000000000000
	21. 10000000000000010000000000000010000000000000010000000000000010000000000000010000000000000000000000000000000000000100000000000000
	22. 00000000000000100000000000000100000000000000100000000000000100000000000000100000000000000000000000000000000000001000000000000001
	25. 00000000000100000000000000100000000000000100000000000000100000000000000100000000000000000000000000000000000001000000000000001000
		= 83079285115131312225926230715924488 

	*17. 0000000000010000		16
	 18. 0000000000100000		32
         19. 0000000001000000		64
	 20. 0000000010000000		128
	 21. 0000000100000000		256
	 22. 0000000000000000		0
	 23. 0000000000000100		4
	 24. 0000000000001000 		8

	result of a circular 25 bit shift left (3rd shift):
	1.  00000000001000000000000001000000000000001000000000000001000000000000001000000000000000000000000000000000000010000000000000010000
	10. 01000000000000001000000000000001000000000000001000000000000001000000000000000000000000000000000000010000000000000010000000000000
	11. 10000000000000010000000000000010000000000000010000000000000010000000000000000000000000000000000000100000000000000100000000000000
	12. 00000000000000100000000000000100000000000000100000000000000100000000000000000000000000000000000001000000000000001000000000000001
	25. 01000000000000001000000000000001000000000000001000000000000000000000000000000000000010000000000000010000000000000010000000000000
		= 85073187957894463645561492754361491456

	*25.  0100000000000000		16384
	 26.  1000000000000001		32769
	 27.  0000000000000010		2
	 28.  0000000000000000		0
	 29.  0000000000000000		0
	 30.  0000100000000000		2048
	 31.  0001000000000000		4096
	 32.  0010000000000000		8192

	result of a circular 25 bit shift left (4th shift):
	1.  10000000000000010000000000000010000000000000010000000000000000000000000000000000000100000000000000100000000000000100000000000000
	2.  00000000000000100000000000000100000000000000100000000000000000000000000000000000001000000000000001000000000000001000000000000001
	16. 10000000000000010000000000000010000000000000000000000000000000000000100000000000000100000000000000100000000000000100000000000000
	17. 00000000000000100000000000000100000000000000000000000000000000000001000000000000001000000000000001000000000000001000000000000001
	25. 00000010000000000000010000000000000000000000000000000000000100000000000000100000000000000100000000000000100000000000000100000000
		= 2658537121208246647646222563059695872

	*33.  0000001000000000		512
	 34.  0000010000000000		1024
	 35.  0000000000000000		0
	 36.  0000000000010000		16
	 37.  0000000000100000		32
	 38.  0000000001000000		64
	 39.  0000000010000000		128
	 40.  0000000100000000		256

	result of a circular 25 bit shift left (5th shift):
	1.  00000100000000000000100000000000000000000000000000000000001000000000000001000000000000001000000000000001000000000000001000000000
	6.  10000000000000010000000000000000000000000000000000000100000000000000100000000000000100000000000000100000000000000100000000000000
	7.  00000000000000100000000000000000000000000000000000001000000000000001000000000000001000000000000001000000000000001000000000000001
	21. 10000000000000000000000000000000000000100000000000000100000000000000100000000000000100000000000000100000000000000100000000000000
	22. 00000000000000000000000000000000000001000000000000001000000000000001000000000000001000000000000001000000000000001000000000000001
	25. 00000000000000000000000000000000001000000000000001000000000000001000000000000001000000000000001000000000000001000000000000001000
		= 9903822554961599376908353544

	*41.  0000000000000000		0
	 42.  0000000000000000		0
	 43.  0010000000000000		8192
	 44.  0100000000000000		16384
	 45.  1000000000000001		32769
	 46.  0000000000000010		2	
	 47.  0000000000000100		4
	 48.  0000000000001000		8

	result of a circular 25 bit shift left (6th shift):
	1.  00000000000000000000000000000000010000000000000010000000000000010000000000000010000000000000010000000000000010000000000000010000
	25. 00000000010000000000000010000000000000010000000000000010000000000000010000000000000010000000000000010000000000000000000000000000
		= 332317140460525248903713719224107008

	*49.  0000000001000000		64
	 50.  0000000010000000		128
	 51.  0000000100000000		256
	 52.  0000001000000000		512
	--
	 53.  0000010000000000
	 54.  0000100000000000
	 55.  0001000000000000
	 56.  0000000000000000

	So the condensed key set:
	
	 1.	0000000000000000	0
	 2.	0000000000000001	1
	 3.	0000000000000010	2
	 4.	0000000000000100	4
	 5.	0000000000001000	8
	 6.	0000000000010000	16
	 7.	0000000000100000	32
	 8.	0000000001000000	64
	*9. 	0000001000000000	512		
	 10. 	0000010000000000	1024
	 11. 	0000100000000000	2048
	 12. 	0001000000000000	4096
	 13. 	0010000000000000	8192
	 14. 	0100000000000000	16384
	 15. 	1000000000000000	32768
	 16. 	0000000000000000	0
	*17. 	0000000000010000	16
	 18. 	0000000000100000	32
         19. 	0000000001000000	64
	 20. 	0000000010000000	128
	 21. 	0000000100000000	256
	 22. 	0000000000000000	0
	 23. 	0000000000000100	4
	 24. 	0000000000001000 	8
	*25.    0100000000000000	16384
	 26.    1000000000000001	32769
	 27.    0000000000000010	2
	 28.    0000000000000000	0
	 29.    0000000000000000	0
	 30.    0000100000000000	2048
	 31.    0001000000000000	4096
	 32.    0010000000000000	8192
	*33.    0000001000000000	512
	 34.    0000010000000000	1024
	 35.    0000000000000000	0
	 36.    0000000000010000	16
	 37.    0000000000100000	32
	 38.    0000000001000000	64
	 39.    0000000010000000	128
	 40.    0000000100000000	256
	*41.    0000000000000000	0
	 42.    0000000000000000	0
	 43.    0010000000000000	8192
	 44.    0100000000000000	16384
	 45.    1000000000000001	32769
	 46.    0000000000000010	2	
	 47.    0000000000000100	4
	 48.    0000000000001000	8
	*49.    0000000001000000	64
	 50.    0000000010000000	128
	 51.    0000000100000000	256
	 52.    0000001000000000	512


